0.745842
0.650116
0.808990
0.435547
0.485870
0.305939
0.803125
0.472351
0.168884
0.453339
0.242035
0.796936
0.295197
0.158264
0.081149
0.665914
0.719635
0.503739
0.535828
0.975403
0.108673
0.495575
0.289071
0.245979
0.768555
0.767609
0.825531
0.532914
0.087769
0.408295
0.570099
0.791772
0.616425
0.673452
0.053436
0.285004
0.177404
0.547241
0.030884
0.818024
0.946533
0.540375
0.723746
0.644684
0.846771
0.646881
0.843079
0.576965
0.792938
0.326172
0.022766
0.578735
0.121979
0.926697
0.518829
0.048738
0.606201
0.736816
0.707672
0.425201
0.126495
0.650391
0.077761
0.252472
0.580658
0.252167
0.763885
0.108887
0.864777
0.823578
0.145909
0.952606
0.323151
0.528489
0.262726
0.067413
0.769379
0.697317
0.367859
0.848297
0.579150
0.830505
0.991364
0.434357
0.705222
0.157933
0.272896
0.150635
0.563416
0.579987
0.276733
0.621857
0.776611
0.343475
0.353699
0.103455
0.620026
0.590668
0.549347
0.674184
0.267822
0.496552
0.402344
0.570679
0.836365
0.307159
0.717987
0.543304
0.667114
0.590881
0.445374
0.649586
0.722656
0.912079
0.794006
0.057953
0.297647
0.941132
0.379761
0.145844
0.593719
0.907407
0.510956
0.378296
0.185553
0.873505
0.403259
0.269265
0.625061
0.953156
0.371033
0.784783
0.040283
0.174652
0.606415
0.183899
0.099033
0.777496
0.627735
0.486389
0.312988
0.406323
0.892548
0.522247
0.659576
0.248962
0.546692
0.104980
0.997131
0.344177
0.943665
0.640503
0.005127
0.054077
0.580383
0.328735
0.831390
0.257233
0.610748
0.752838
0.565857
0.435669
0.420454
0.890076
0.072021
0.325775
0.660370
0.540910
0.996277
0.214386
0.284607
0.958893
0.814331
0.086548
0.027528
0.748413
0.967499
0.185827
0.372223
0.953734
0.728119
0.647034
0.940002
0.311646
0.198639
0.887448
0.650574
0.105469
0.118225
0.977538
0.114139
0.385083
0.861084
0.946899
0.523346
0.917572
0.686005
0.090271
0.660095
0.471008
0.171453
0.856777
0.825256
0.474105
0.393738
0.356201
0.431244
0.618122
0.650421
0.026642
0.105133
0.465851
0.256500
0.498123
0.287659
0.707489
0.622162
0.001862
0.263763
0.169983
0.716522
0.955048
0.732422
0.763024
0.229072
0.232551
0.396851
0.641754
0.895111
0.841095
0.391278
0.905579
0.334503
0.122681
0.760986
0.625824
0.911924
0.771454
0.389526
0.527039
0.893463
0.459869
0.681976
0.859589
0.757050
0.224579
0.004456
0.793427
0.202332
0.680135
0.214722
0.040710
0.048584
0.004883
0.311157
0.595306
0.730042
0.456543
0.206451
0.449677
0.657410
0.348511
0.111237
0.025696
0.522369
0.384216
0.208557
0.813019
0.193359
0.846710
0.541840
0.977997
0.593567
0.542389
0.162994
0.681396
0.005585
0.876984
0.459778
0.655121
0.101440
0.706046
0.038116
0.375641
0.096438
0.002777
0.913483
0.327057
0.964691
0.805115
0.022767
0.745842
0.353821
0.686829
0.435547
0.485870
0.288491
0.466370
0.435516
0.168884
0.163544
0.508209
0.796936
0.205444
0.718872
0.081149
0.665914
0.276245
0.503739
0.409253
0.342377
0.777710
0.495575
0.389618
0.245979
0.908752
0.059937
0.162572
0.413696
0.741974
0.460785
0.914612
0.791772
0.492340
0.982330
0.496872
0.714081
0.320923
0.831207
0.030884
0.281891
0.645813
0.142975
0.723746
0.644684
0.793854
0.344116
0.812958
0.808777
0.792938
0.453552
0.022766
0.569702
0.121979
0.841125
0.081726
0.048738
0.658112
0.374084
0.707672
0.645538
0.331757
0.650391
0.315186
0.486755
0.290100
0.865906
0.877869
0.004944
0.556915
0.736267
0.145909
0.952606
0.658386
0.609467
0.719879
0.154938
0.254974
0.697317
0.475861
0.848297
0.579150
0.830505
0.991364
0.115448
0.648895
0.157933
0.234924
0.043427
0.563416
0.258270
0.760986
0.621857
0.075684
0.862335
0.660797
0.987915
0.175537
0.237983
0.964660
0.674184
0.217621
0.212067
0.402344
0.099457
0.170654
0.296701
0.464050
0.139038
0.440521
0.841187
0.039520
0.649586
0.722656
0.867306
0.794006
0.057953
0.297647
0.655609
0.835205
0.145844
0.392163
0.864197
0.178558
0.831268
0.185553
0.059174
0.978180
0.058716
0.625061
0.456177
0.108463
0.784783
0.621735
0.498825
0.678040
0.411987
0.732330
0.375305
0.962860
0.531724
0.559692
0.406323
0.021241
0.522247
0.823669
0.669739
0.546692
0.245300
0.120148
0.474640
0.946045
0.608386
0.005127
0.766937
0.168274
0.660054
0.173645
0.085022
0.323862
0.650391
0.924866
0.241516
0.420454
0.986602
0.525299
0.865082
0.420135
0.540910
0.566833
0.714325
0.917816
0.121735
0.896484
0.711395
0.027528
0.196838
0.892151
0.185827
0.023804
0.953734
0.227478
0.044769
0.701843
0.982208
0.377930
0.887448
0.996368
0.925537
0.118225
0.977538
0.638336
0.385083
0.861084
0.946899
0.523346
0.917572
0.686005
0.090271
0.660095
0.471008
0.171453
0.856777
0.350708
0.474105
0.127869
0.431532
0.577240
0.058075
0.527802
0.043884
0.867828
0.465851
0.256500
0.498123
0.287659
0.707489
0.513794
0.001862
0.263763
0.247009
0.549744
0.533417
0.422058
0.763024
0.165802
0.232551
0.581238
0.768066
0.853394
0.556152
0.432434
0.905579
0.334503
0.930786
0.752472
0.625824
0.020691
0.862518
0.701416
0.527039
0.893463
0.459869
0.113132
0.848389
0.757050
0.224579
0.004456
0.593353
0.202332
0.680135
0.738701
0.210480
0.048584
0.004883
0.311157
0.127197
0.730042
0.661377
0.206451
0.589478
0.657410
0.348511
0.111237
0.025696
0.750153
0.398193
0.208557
0.578570
0.517456
0.296631
0.775024
0.024232
0.335236
0.447540
0.631947
0.119690
0.421216
0.651001
0.811279
0.204315
0.999908
0.117889
0.935484
0.707428
0.507843
0.517731
0.019775
0.857391
0.172333
0.791498
0.022767
0.745842
0.865692
0.533769
0.435547
0.142883
0.555939
0.803125
0.472351
0.168884
0.966278
0.508209
0.796936
0.636414
0.158264
0.081149
0.665914
0.118866
0.503739
0.535828
0.776367
0.773499
0.495575
0.289071
0.245979
0.768555
0.519073
0.162572
0.532914
0.692688
0.155553
0.570099
0.791772
0.121155
0.673452
0.496872
0.780450
0.177404
0.547241
0.030884
0.535828
0.895142
0.540375
0.723746
0.232147
0.951447
0.789215
0.843079
0.576965
0.792938
0.326172
0.022766
0.569702
0.121979
0.841125
0.041108
0.573639
0.151398
0.462494
0.707672
0.129272
0.344238
0.650391
0.960449
0.486755
0.211182
0.344340
0.743439
0.108887
0.864777
0.823578
0.145909
0.381409
0.049408
0.528489
0.059601
0.067413
0.334045
0.697317
0.668915
0.848297
0.579150
0.830505
0.991364
0.434357
0.705222
0.157933
0.272896
0.043427
0.984528
0.774353
0.894745
0.621857
0.726288
0.088165
0.353699
0.103455
0.829590
0.098969
0.549347
0.674184
0.328369
0.687469
0.402344
0.110687
0.836365
0.296701
0.174164
0.139038
0.454559
0.841187
0.445374
0.547333
0.722656
0.867306
0.417847
0.556396
0.297647
0.376770
0.072571
0.478241
0.392163
0.960266
0.178558
0.831268
0.713226
0.077425
0.978180
0.058716
0.625061
0.456177
0.108463
0.507629
0.040283
0.498825
0.678040
0.411987
0.407471
0.452026
0.961639
0.531724
0.206970
0.150360
0.875549
0.522247
0.448975
0.313660
0.546692
0.252686
0.452209
0.474640
0.648773
0.688812
0.005127
0.054077
0.501862
0.328735
0.831390
0.257233
0.610748
0.707855
0.333588
0.435669
0.420454
0.890076
0.021301
0.246674
0.180090
0.540910
0.996277
0.214386
0.378082
0.958893
0.896484
0.211517
0.759705
0.748413
0.149078
0.185827
0.372223
0.414246
0.227478
0.727142
0.612537
0.311646
0.943909
0.887448
0.650574
0.925537
0.118225
0.977538
0.114139
0.385083
0.657990
0.946899
0.523346
0.917572
0.807373
0.005707
0.084991
0.471008
0.534821
0.652954
0.112549
0.474105
0.925964
0.893524
0.577240
0.618122
0.771454
0.026642
0.646393
0.465851
0.047211
0.739197
0.287659
0.707489
0.501221
0.783569
0.263763
0.247009
0.606506
0.955048
0.175415
0.763024
0.229072
0.171844
0.396851
0.768066
0.401917
0.432465
0.760925
0.342560
0.334503
0.201691
0.760986
0.539154
0.466400
0.184509
0.569824
0.527039
0.893463
0.459869
0.113132
0.859589
0.785858
0.871826
0.004456
0.593353
0.202332
0.409882
0.096100
0.210480
0.387177
0.291077
0.370239
0.595306
0.730042
0.761200
0.496735
0.880249
0.732300
0.535478
0.437073
0.715598
0.071808
0.938110
0.197296
0.812897
0.114716
0.765717
0.541840
0.024232
0.587970
0.218323
0.367279
0.538818
0.983154
0.087830
0.040071
0.155975
0.103485
0.567657
0.920074
0.210663
0.096438
0.105133
0.844971
0.676758
0.635712
0.671387
0.022767
0.745842
0.865692
0.382568
0.435547
0.142883
0.681335
0.803125
0.472351
0.824249
0.966278
0.508209
0.796936
0.636414
0.158264
0.081149
0.665914
0.276245
0.503739
0.535828
0.776367
0.773499
0.495575
0.289071
0.245979
0.768555
0.556244
0.162572
0.532914
0.692688
0.347412
0.570099
0.791772
0.121155
0.108307
0.496872
0.780450
0.177404
0.547241
0.176117
0.014832
0.895142
0.540375
0.723746
0.644684
0.924072
0.789215
0.843079
0.576965
0.792938
0.326172
0.022766
0.569702
0.121979
0.290527
0.041108
0.573639
0.151398
0.462494
0.707672
0.638275
0.344238
0.727386
0.960449
0.486755
0.211182
0.344340
0.743439
0.108887
0.864777
0.823578
0.145909
0.381409
0.468170
0.528489
0.163696
0.067413
0.334045
0.697317
0.668915
0.848297
0.579150
0.830505
0.991364
0.434357
0.348267
0.157933
0.272896
0.043427
0.482208
0.022949
0.765350
0.621857
0.726288
0.088165
0.353699
0.103455
0.620026
0.888245
0.653229
0.674184
0.267822
0.687469
0.402344
0.110687
0.869141
0.296701
0.174164
0.139038
0.454559
0.841187
0.445374
0.547333
0.722656
0.867306
0.417847
0.556396
0.297647
0.376770
0.072571
0.478241
0.046234
0.960266
0.178558
0.831268
0.713226
0.383942
0.978180
0.058716
0.625061
0.456177
0.108463
0.507629
0.040283
0.498825
0.218384
0.754639
0.407471
0.460266
0.424011
0.531724
0.206970
0.817261
0.021241
0.522247
0.659576
0.313660
0.546692
0.252686
0.452209
0.474640
0.648773
0.688812
0.005127
0.054077
0.501862
0.328735
0.831390
0.257233
0.610748
0.707855
0.565857
0.435669
0.420454
0.890076
0.021301
0.325775
0.180090
0.540910
0.103760
0.214386
0.378082
0.958893
0.896484
0.211517
0.759705
0.748413
0.149078
0.185827
0.372223
0.414246
0.227478
0.727142
0.612537
0.311646
0.943909
0.487579
0.650574
0.925537
0.118225
0.977538
0.114139
0.385083
0.657990
0.547455
0.523346
0.725067
0.807373
0.005707
0.590851
0.471008
0.534821
0.652954
0.112549
0.474105
0.925964
0.239197
0.577240
0.618122
0.771454
0.026642
0.646393
0.465851
0.047211
0.739197
0.137299
0.290100
0.501221
0.783569
0.263763
0.247009
0.606506
0.955048
0.175415
0.763024
0.229072
0.171844
0.396851
0.768066
0.725700
0.432465
0.215942
0.342560
0.334503
0.108524
0.760986
0.539154
0.911924
0.184509
0.569824
0.527039
0.893463
0.459869
0.113132
0.859589
0.757050
0.871826
0.004456
0.593353
0.202332
0.409882
0.096100
0.210480
0.048584
0.291077
0.311157
0.595306
0.730042
0.761200
0.496735
0.880249
0.732300
0.535478
0.514450
0.715598
0.670319
0.938110
0.197296
0.812897
0.003510
0.306162
0.541840
0.024232
0.587970
0.625183
0.631947
0.717590
0.983154
0.310547
0.040071
0.155975
0.103485
0.567657
0.610077
0.210663
0.096438
0.105133
0.844971
0.676758
0.635712
0.791498
0.022767
0.745842
0.316315
0.422638
0.435547
0.485870
0.447205
0.803125
0.472351
0.168884
0.966278
0.508209
0.796936
0.636414
0.718872
0.081149
0.096832
0.276245
0.503739
0.409253
0.944244
0.108673
0.495575
0.289071
0.228119
0.768555
0.777832
0.162572
0.532914
0.228210
0.814453
0.914612
0.791772
0.245941
0.673452
0.074860
0.780450
0.550415
0.146484
0.030884
0.024994
0.946533
0.980042
0.605804
0.644684
0.846771
0.344116
0.338531
0.848175
0.792938
0.710754
0.022766
0.569702
0.121979
0.841125
0.041108
0.048738
0.479248
0.462494
0.707672
0.640686
0.879852
0.650391
0.724426
0.683044
0.290100
0.344340
0.763885
0.681854
0.536652
0.325958
0.930969
0.952606
0.403687
0.528489
0.082153
0.067413
0.794159
0.740051
0.138611
0.848297
0.579150
0.830505
0.991364
0.169342
0.705222
0.157933
0.272896
0.043427
0.130432
0.493591
0.496094
0.623566
0.075684
0.636780
0.136414
0.103455
0.893524
0.237983
0.964660
0.674184
0.494476
0.212067
0.402344
0.099457
0.170654
0.296701
0.464050
0.407013
0.584015
0.095245
0.039520
0.135132
0.731842
0.867306
0.794006
0.057953
0.357330
0.405487
0.166168
0.118805
0.392163
0.907407
0.510956
0.412598
0.221649
0.873505
0.978180
0.269265
0.851959
0.419250
0.108463
0.784783
0.040283
0.378082
0.181519
0.183899
0.099033
0.167023
0.627735
0.531724
0.231079
0.406323
0.161560
0.522247
0.221954
0.248962
0.546692
0.329651
0.997131
0.474640
0.737488
0.688812
0.005127
0.391296
0.501862
0.328735
0.884216
0.160741
0.323862
0.837123
0.540222
0.388550
0.420454
0.150177
0.940886
0.865082
0.633301
0.598450
0.996277
0.626892
0.715637
0.096832
0.820435
0.123417
0.027528
0.342529
0.580688
0.620758
0.458069
0.953734
0.055420
0.646118
0.612537
0.973938
0.526886
0.151764
0.593781
0.640625
0.201019
0.977538
0.114139
0.308868
0.718079
0.086062
0.294189
0.861572
0.393719
0.366008
0.738983
0.246277
0.171453
0.579437
0.229347
0.261200
0.948517
0.125916
0.004761
0.485077
0.373730
0.342377
0.159271
0.606171
0.143646
0.560272
0.475128
0.926025
0.565826
0.030182
0.476593
0.889069
0.123108
0.955048
0.272339
0.455597
0.229072
0.356049
0.010345
0.252563
0.974792
0.496826
0.690002
0.674072
0.170715
0.855438
0.313416
0.523010
0.653320
0.227539
0.570618
0.527039
0.893463
0.415649
0.113132
0.359589
0.382019
0.657552
0.679718
0.499832
0.572039
0.680135
0.752075
0.843684
0.058289
0.327545
0.524597
0.177826
0.226471
0.456543
0.116852
0.621277
0.174591
0.223450
0.708374
0.025696
0.522369
0.295624
0.208557
0.662598
0.780640
0.049225
0.541840
0.024232
0.655090
0.537994
0.631947
0.712433
0.700653
0.651001
0.811279
0.530975
0.999908
0.117889
0.351532
0.682861
0.507843
0.517731
0.019775
0.621429
0.172333
0.968231
0.022767
0.745842
0.353821
0.533769
0.435547
0.581421
0.919434
0.466370
0.472351
0.253998
0.966278
0.094391
0.796936
0.636414
0.825500
0.400513
0.512817
0.276245
0.503739
0.273956
0.342377
0.574585
0.724701
0.685760
0.245979
0.425720
0.059937
0.162572
0.721893
0.292480
0.155553
0.914612
0.079620
0.167450
0.974243
0.496872
0.780450
0.177404
0.831207
0.030884
0.024994
0.946533
0.540375
0.723746
0.644684
0.955780
0.344116
0.843079
0.576965
0.792938
0.055450
0.128479
0.569702
0.121979
0.765442
0.041108
0.048738
0.606201
0.549255
0.707672
0.549760
0.331757
0.810333
0.546906
0.486755
0.046661
0.344340
0.720184
0.942780
0.536652
0.736267
0.662292
0.952606
0.396576
0.528489
0.262726
0.067413
0.756012
0.697317
0.835388
0.219910
0.579150
0.830505
0.991364
0.176575
0.705222
0.771393
0.272896
0.848877
0.563416
0.258270
0.765350
0.621857
0.726288
0.985748
0.853607
0.156738
0.620026
0.850586
0.964660
0.674184
0.494476
0.496552
0.402344
0.937805
0.170654
0.296701
0.163147
0.288605
0.454559
0.841187
0.401031
0.649586
0.078339
0.413605
0.794006
0.154602
0.557892
0.388824
0.540771
0.609680
0.725647
0.789703
0.377472
0.803009
0.185553
0.304810
0.436720
0.797852
0.391785
0.708984
0.805542
0.784783
0.754364
0.998230
0.181519
0.481903
0.441010
0.452026
0.627735
0.531724
0.312988
0.406323
0.021241
0.522247
0.095825
0.049683
0.009796
0.928436
0.612183
0.474640
0.523651
0.608386
0.633148
0.833557
0.168274
0.660054
0.342438
0.085022
0.323862
0.650391
0.565857
0.132019
0.420454
0.541595
0.208008
0.865082
0.420135
0.540910
0.533905
0.463837
0.777062
0.538971
0.377869
0.638184
0.027528
0.192047
0.574127
0.185827
0.229095
0.953734
0.707611
0.154083
0.612537
0.817261
0.526886
0.501617
0.188110
0.161224
0.316254
0.180420
0.114139
0.712769
0.774048
0.086062
0.763428
0.977631
0.397430
0.467621
0.749084
0.275452
0.670227
0.044739
0.389343
0.261200
0.948517
0.720520
0.004761
0.834412
0.373730
0.342377
0.487152
0.465851
0.267822
0.605835
0.978851
0.630646
0.916077
0.676300
0.495407
0.817841
0.584063
0.955048
0.753174
0.509674
0.229072
0.954620
0.671234
0.700867
0.725700
0.723389
0.391278
0.905579
0.170715
0.108524
0.313416
0.571368
0.808044
0.889832
0.294891
0.099304
0.893463
0.726257
0.113132
0.423035
0.861420
0.848267
0.050049
0.527344
0.572039
0.680135
0.738701
0.588928
0.058289
0.327545
0.229584
0.753784
0.921875
0.934540
0.989716
0.181885
0.732300
0.535478
0.458344
0.715598
0.978149
0.542694
0.891205
0.847534
0.629364
0.306162
0.149048
0.024232
0.566010
0.166107
0.631947
0.447083
0.142120
0.876984
0.389771
0.367493
0.999908
0.117889
0.689423
0.682861
0.096438
0.517731
0.651062
0.689505
0.057312
0.894409
0.022767
0.745842
0.353821
0.533769
0.435547
0.485870
0.288491
0.354797
0.472351
0.168884
0.163544
0.508209
0.796936
0.636414
0.031891
0.131165
0.665914
0.276245
0.503739
0.409253
0.342377
0.777710
0.495575
0.685760
0.245979
0.908752
0.059937
0.162572
0.058350
0.741974
0.155553
0.914612
0.791772
0.167450
0.024597
0.496872
0.714081
0.177404
0.598511
0.015411
0.347961
0.463135
0.063416
0.723746
0.644684
0.793854
0.344116
0.843079
0.857391
0.792938
0.767700
0.022766
0.932281
0.121979
0.253387
0.108826
0.048738
0.606201
0.374084
0.707672
0.729462
0.331757
0.650391
0.077761
0.486755
0.290100
0.155731
0.524536
0.004944
0.556915
0.736267
0.145909
0.952606
0.323151
0.528489
0.262726
0.047241
0.778870
0.697317
0.475861
0.848297
0.579150
0.830505
0.991364
0.115448
0.705222
0.157933
0.272896
0.043427
0.563416
0.258270
0.760986
0.621857
0.757874
0.636780
0.078186
0.103455
0.175537
0.280792
0.964660
0.674184
0.842987
0.212067
0.567871
0.099457
0.170654
0.042633
0.464050
0.139038
0.440521
0.841187
0.039520
0.649586
0.722656
0.867306
0.794006
0.057953
0.380890
0.872955
0.835205
0.470947
0.392163
0.563477
0.178558
0.640350
0.185553
0.029816
0.978180
0.058716
0.483154
0.456177
0.495209
0.784783
0.040283
0.408600
0.678040
0.411987
0.130310
0.375305
0.457031
0.713287
0.312988
0.406323
0.021241
0.522247
0.823669
0.868805
0.313141
0.245300
0.997131
0.474640
0.440491
0.608386
0.005127
0.356750
0.887604
0.660054
0.004364
0.085022
0.323862
0.650391
0.565857
0.693939
0.420454
0.986602
0.940886
0.788208
0.420135
0.626709
0.533905
0.671387
0.777062
0.538971
0.820435
0.638184
0.027528
0.509155
0.378876
0.185827
0.125702
0.468201
0.457550
0.995209
0.612537
0.973938
0.526886
0.501617
0.816040
0.161224
0.610920
0.875153
0.114139
0.362915
0.774048
0.000671
0.523163
0.794067
0.393719
0.512634
0.559509
0.275452
0.253052
0.044739
0.229347
0.261200
0.948517
0.125916
0.004761
0.230774
0.906158
0.342377
0.357819
0.465851
0.261627
0.560272
0.939606
0.926025
0.916077
0.524078
0.495407
0.200470
0.584063
0.923187
0.565796
0.455597
0.069366
0.954620
0.920957
0.252563
0.250305
0.527313
0.391278
0.905579
0.170715
0.108524
0.313416
0.524048
0.808044
0.889832
0.294891
0.099304
0.905975
0.935120
0.113132
0.423035
0.861420
0.657552
0.050049
0.677673
0.572039
0.680135
0.632843
0.807373
0.058289
0.916718
0.229584
0.043213
0.841278
0.934540
0.356903
0.594574
0.732300
0.535478
0.089661
0.557068
0.795563
0.542694
0.197296
0.847534
0.223602
0.306162
0.149048
0.836517
0.290924
0.166107
0.436035
0.822382
0.142120
0.876984
0.040071
0.001160
0.125122
0.117889
0.689423
0.682861
0.096438
0.517731
0.468964
0.129822
0.467316
0.791498
0.943298
0.745842
0.353821
0.533769
0.435547
0.485870
0.288491
0.466370
0.472351
0.168884
0.163544
0.958618
0.796936
0.391113
0.718872
0.081149
0.849976
0.276245
0.503739
0.409253
0.342377
0.777710
0.495575
0.992371
0.245979
0.207886
0.059937
0.162572
0.413696
0.741974
0.155553
0.914612
0.791772
0.167450
0.024597
0.564301
0.714081
0.177404
0.831207
0.030884
0.281891
0.645813
0.063416
0.723746
0.644684
0.793854
0.344116
0.843079
0.576965
0.792938
0.587402
0.470703
0.569702
0.121979
0.841125
0.108826
0.136536
0.606201
0.374084
0.707672
0.253632
0.331757
0.650391
0.077761
0.486755
0.290100
0.739929
0.162018
0.698029
0.556915
0.580414
0.145909
0.395111
0.969666
0.758636
0.262726
0.067413
0.778870
0.697317
0.563385
0.848297
0.487305
0.830505
0.991364
0.115448
0.343475
0.670349
0.272896
0.043427
0.563416
0.138397
0.765350
0.621857
0.726288
0.636780
0.353699
0.103455
0.620026
0.590668
0.406555
0.674184
0.695587
0.496552
0.402344
0.110687
0.094360
0.296701
0.902008
0.139038
0.454559
0.841187
0.445374
0.649586
0.722656
0.867306
0.794006
0.057953
0.297647
0.405487
0.379761
0.145844
0.593719
0.541962
0.510956
0.378296
0.185553
0.873505
0.978180
0.269265
0.625061
0.708984
0.664673
0.784783
0.040283
0.498825
0.181519
0.183899
0.699402
0.777496
0.627735
0.486389
0.400879
0.406323
0.510803
0.522247
0.659576
0.248962
0.546692
0.104980
0.997131
0.474640
0.155579
0.640503
0.005127
0.054077
0.580383
0.328735
0.831390
0.257233
0.610748
0.752838
0.565857
0.338470
0.420454
0.890076
0.346008
0.325775
0.180090
0.896545
0.996277
0.214386
0.284607
0.349304
0.896484
0.086548
0.027528
0.748413
0.091492
0.185827
0.874023
0.953734
0.728119
0.044769
0.612537
0.463531
0.198639
0.887448
0.650574
0.794983
0.118225
0.977538
0.114139
0.385083
0.861084
0.946899
0.523346
0.917572
0.686005
0.090271
0.660095
0.415741
0.171453
0.856777
0.311401
0.474105
0.127869
0.596466
0.577240
0.618122
0.650421
0.026642
0.066193
0.465851
0.256500
0.498123
0.287659
0.707489
0.501221
0.001862
0.263763
0.169983
0.463226
0.955048
0.452362
0.763024
0.229072
0.442047
0.396851
0.641754
0.853333
0.841095
0.391278
0.630341
0.334503
0.108524
0.760986
0.625824
0.911924
0.183716
0.389526
0.467163
0.893463
0.459869
0.113132
0.859589
0.757050
0.224579
0.004456
0.614624
0.473541
0.680135
0.738701
0.210480
0.048584
0.004883
0.311157
0.595306
0.730042
0.456543
0.206451
0.730591
0.443146
0.348511
0.111237
0.025696
0.522369
0.987366
0.208557
0.578570
0.532288
0.846710
0.541840
0.542542
0.593567
0.542389
0.162994
0.822382
0.005585
0.876984
0.459778
0.288666
0.408539
0.706046
0.038116
0.375641
0.096438
0.002777
0.243195
0.327057
0.717346
0.805115
0.022767
0.745842
0.865692
0.533769
0.435547
0.142883
0.555939
0.803125
0.472351
0.168884
0.966278
0.965485
0.796936
0.636414
0.479736
0.081149
0.665914
0.058105
0.503739
0.535828
0.776367
0.773499
0.495575
0.289071
0.245979
0.768555
0.556244
0.270447
0.532914
0.346283
0.155553
0.570099
0.791772
0.121155
0.673452
0.770355
0.780450
0.177404
0.547241
0.030884
0.014832
0.895142
0.540375
0.723746
0.644684
0.951447
0.789215
0.843079
0.576965
0.792938
0.326172
0.022766
0.569702
0.121979
0.841125
0.041108
0.573639
0.151398
0.462494
0.707672
0.638275
0.344238
0.650391
0.960449
0.308990
0.211182
0.344340
0.743439
0.108887
0.864777
0.823578
0.145909
0.381409
0.468170
0.528489
0.262726
0.067413
0.334045
0.697317
0.559448
0.848297
0.579150
0.830505
0.991364
0.434357
0.576324
0.157933
0.272896
0.043427
0.482208
0.022949
0.765350
0.621857
0.726288
0.088165
0.353699
0.103455
0.967285
0.888245
0.549347
0.674184
0.267822
0.687469
0.402344
0.110687
0.836365
0.296701
0.174164
0.139038
0.454559
0.841187
0.445374
0.547333
0.722656
0.867306
0.220184
0.949036
0.297647
0.376770
0.072571
0.478241
0.045715
0.960266
0.178558
0.831268
0.713226
0.077425
0.978180
0.058716
0.351410
0.456177
0.108463
0.507629
0.040283
0.498825
0.678040
0.282379
0.604675
0.452026
0.961639
0.119904
0.206970
0.150360
0.021241
0.522247
0.659576
0.313660
0.546692
0.252686
0.452209
0.474640
0.648773
0.265472
0.005127
0.054077
0.501862
0.328735
0.831390
0.257233
0.610748
0.707855
0.565857
0.071625
0.239258
0.899200
0.021301
0.325775
0.180090
0.540910
0.996277
0.214386
0.378082
0.958893
0.295929
0.211517
0.759705
0.831879
0.149078
0.185827
0.372223
0.414246
0.227478
0.727142
0.612537
0.311646
0.943909
0.887448
0.650574
0.925537
0.118225
0.977538
0.114139
0.385083
0.657990
0.946899
0.523346
0.917572
0.807373
0.005707
0.380737
0.520416
0.534821
0.652954
0.112549
0.474105
0.925964
0.431532
0.577240
0.618122
0.771454
0.636230
0.826263
0.465851
0.047211
0.739197
0.287659
0.707489
0.501221
0.783569
0.263763
0.247009
0.606506
0.955048
0.175415
0.763024
0.229072
0.171844
0.396851
0.768066
0.725700
0.432465
0.391278
0.342560
0.334503
0.108524
0.760986
0.539154
0.911924
0.184509
0.569824
0.527039
0.893463
0.459869
0.113132
0.859589
0.757050
0.871826
0.004456
0.593353
0.202332
0.409882
0.096100
0.210480
0.048584
0.402222
0.311157
0.595306
0.730042
0.761200
0.496735
0.880249
0.732300
0.535478
0.514450
0.715598
0.071808
0.938110
0.197296
0.812897
0.003510
0.306162
0.541840
0.024232
0.587970
0.625183
0.631947
0.717590
0.983154
0.310547
0.040071
0.155975
0.103485
0.567657
0.920074
0.210663
0.365173
0.105133
0.844971
0.676758
0.635712
0.791498
0.022767
0.745842
0.865692
0.533769
0.435547
0.142883
0.555939
0.803125
0.472351
0.168884
0.966278
0.508209
0.796936
0.636414
0.158264
0.081149
0.665914
0.276245
0.503739
0.535828
0.776367
0.773499
0.495575
0.289071
0.245979
0.768555
0.556244
0.162572
0.532914
0.692688
0.094818
0.570099
0.791772
0.121155
0.673452
0.496872
0.780450
0.423553
0.547241
0.962494
0.014832
0.895142
0.540375
0.723746
0.644684
0.951447
0.789215
0.843079
0.576965
0.792938
0.326172
0.022766
0.509003
0.121979
0.841125
0.041108
0.573639
0.151398
0.462494
0.707672
0.148529
0.220886
0.650391
0.960449
0.486755
0.211182
0.344340
0.719330
0.108887
0.864777
0.823578
0.145909
0.381409
0.468170
0.528489
0.262726
0.067413
0.334045
0.250671
0.668915
0.848297
0.579150
0.830505
0.991364
0.434357
0.705222
0.157933
0.272896
0.043427
0.482208
0.022949
0.765350
0.621857
0.726288
0.088165
0.353699
0.829590
0.620026
0.588287
0.549347
0.674184
0.267822
0.687469
0.402344
0.110687
0.836365
0.296701
0.174164
0.139038
0.454559
0.841187
0.445374
0.547333
0.722656
0.195343
0.417847
0.556396
0.297647
0.376770
0.072571
0.478241
0.392163
0.960266
0.178558
0.831268
0.713226
0.077425
0.978180
0.058716
0.625061
0.456177
0.108463
0.507629
0.040283
0.498825
0.678040
0.949249
0.037598
0.452026
0.961639
0.531724
0.206970
0.150360
0.360138
0.522247
0.805878
0.313660
0.546692
0.252686
0.452209
0.474640
0.079681
0.688812
0.993195
0.054077
0.501862
0.328735
0.831390
0.257233
0.610748
0.707855
0.565857
0.435669
0.420454
0.890076
0.021301
0.325775
0.180090
0.540910
0.996277
0.214386
0.378082
0.958893
0.355591
0.398865
0.759705
0.748413
0.190643
0.185827
0.612000
0.414246
0.227478
0.727142
0.505646
0.311646
0.943909
0.887448
0.650574
0.393158
0.118225
0.977538
0.114139
0.385083
0.657990
0.946899
0.836212
0.917572
0.807373
0.005707
0.660095
0.471008
0.975250
0.652954
0.112549
0.474105
0.925964
0.431532
0.577240
0.618122
0.771454
0.026642
0.700409
0.465851
0.047211
0.739197
0.287659
0.707489
0.501221
0.783569
0.263763
0.247009
0.606506
0.955048
0.175415
0.763024
0.229072
0.171844
0.396851
0.768066
0.725700
0.432465
0.391278
0.342560
0.334503
0.108524
0.258453
0.539154
0.911924
0.717590
0.569824
0.527039
0.893463
0.459869
0.113132
0.859589
0.757050
0.871826
0.004456
0.358246
0.202332
0.409882
0.096100
0.210480
0.220764
0.291077
0.311157
0.595306
0.389862
0.761200
0.496735
0.880249
0.732300
0.535478
0.514450
0.715598
0.128113
0.504364
0.197296
0.812897
0.003510
0.306162
0.541840
0.024232
0.587970
0.625183
0.631947
0.717590
0.983154
0.310547
0.040071
0.094360
0.103485
0.567657
0.920074
0.210663
0.096438
0.105133
0.844971
0.676758
0.635712
0.791498
0.022767
0.745842
0.353821
0.533769
0.435547
0.940521
0.919434
0.466370
0.472351
0.253998
0.966278
0.356140
0.796936
0.636414
0.825500
0.400513
0.665914
0.276245
0.503739
0.273956
0.342377
0.574585
0.724701
0.685760
0.245979
0.425720
0.059937
0.162572
0.532914
0.292480
0.155553
0.736542
0.079620
0.167450
0.974243
0.496872
0.124115
0.177404
0.831207
0.030884
0.024994
0.946533
0.540375
0.723746
0.644684
0.955780
0.344116
0.843079
0.576965
0.792938
0.058105
0.128479
0.569702
0.121979
0.765442
0.041108
0.048738
0.002869
0.549255
0.707672
0.549760
0.331757
0.810333
0.003540
0.486755
0.290100
0.344340
0.720184
0.942780
0.536652
0.736267
0.662292
0.952606
0.396576
0.528489
0.262726
0.039063
0.756012
0.697317
0.835388
0.848297
0.579150
0.134979
0.991364
0.169342
0.947784
0.771393
0.272896
0.043427
0.563416
0.258270
0.765350
0.621857
0.075684
0.611450
0.136414
0.103455
0.893524
0.237983
0.964660
0.674184
0.494476
0.212067
0.402344
0.099457
0.170654
0.296701
0.464050
0.407013
0.584015
0.205048
0.540070
0.135132
0.731842
0.867306
0.794006
0.057953
0.357330
0.405487
0.166168
0.426300
0.392163
0.907407
0.510956
0.412598
0.185553
0.873505
0.978180
0.370575
0.625061
0.419250
0.108463
0.072083
0.040283
0.378082
0.181519
0.183899
0.099033
0.167023
0.663757
0.531724
0.231079
0.406323
0.021241
0.522247
0.221954
0.248962
0.546692
0.329651
0.997131
0.474640
0.737488
0.688812
0.005127
0.391296
0.501862
0.328735
0.884216
0.160741
0.546844
0.837123
0.540222
0.388550
0.420454
0.150177
0.940886
0.196411
0.633301
0.598450
0.996277
0.626892
0.715637
0.096832
0.820435
0.123417
0.027528
0.342529
0.580688
0.862396
0.458069
0.953734
0.055420
0.646118
0.906342
0.973938
0.526886
0.151764
0.534471
0.640625
0.201019
0.977538
0.114139
0.308868
0.718079
0.086062
0.609924
0.861572
0.393719
0.366008
0.738983
0.275452
0.171453
0.579437
0.229347
0.261200
0.948517
0.125916
0.004761
0.485077
0.954437
0.347412
0.159271
0.606171
0.143646
0.560272
0.475128
0.926025
0.565826
0.292175
0.476593
0.889069
0.584063
0.955048
0.272339
0.455597
0.229072
0.356049
0.010345
0.252563
0.870758
0.496826
0.675995
0.674072
0.170715
0.855438
0.313416
0.523010
0.653320
0.227539
0.570618
0.527039
0.893463
0.415649
0.113132
0.359589
0.382019
0.657552
0.679718
0.499832
0.075073
0.680135
0.786957
0.843684
0.058289
0.327545
0.524597
0.177826
0.226471
0.456543
0.116852
0.402832
0.174591
0.223450
0.708374
0.025696
0.585510
0.892303
0.208557
0.662598
0.780640
0.483246
0.541840
0.721924
0.655090
0.319977
0.631947
0.712433
0.700653
0.651001
0.811279
0.204315
0.999908
0.117889
0.935484
0.682861
0.507843
0.517731
0.019775
0.621429
0.172333
0.126923
0.022767
0.745842
0.865692
0.247314
0.435547
0.528503
0.288491
0.803125
0.472351
0.263275
0.966278
0.508209
0.796936
0.842377
0.158264
0.401459
0.665914
0.519958
0.503739
0.535828
0.201752
0.108673
0.495575
0.289071
0.245979
0.194183
0.777832
0.162572
0.532914
0.451172
0.155553
0.189880
0.293854
0.245941
0.673452
0.496872
0.780450
0.918274
0.547241
0.448181
0.024994
0.238068
0.742157
0.723746
0.644684
0.846771
0.780914
0.843079
0.568390
0.661407
0.326172
0.022766
0.281769
0.121979
0.841125
0.041108
0.048738
0.606201
0.462494
0.707672
0.931244
0.344238
0.259491
0.077761
0.486755
0.290100
0.830414
0.763885
0.108887
0.864777
0.823578
0.145909
0.491180
0.323151
0.145477
0.262726
0.067413
0.395264
0.697317
0.475983
0.848297
0.579150
0.830505
0.938080
0.434357
0.705222
0.157933
0.272896
0.824585
0.563416
0.022949
0.765350
0.621857
0.726288
0.636780
0.353699
0.103455
0.620026
0.590668
0.406555
0.674184
0.267822
0.527924
0.421265
0.110687
0.836365
0.296701
0.174164
0.543304
0.667114
0.546356
0.445374
0.649586
0.722656
0.867306
0.794006
0.057953
0.297647
0.336792
0.835205
0.145844
0.392163
0.489380
0.178558
0.831268
0.270020
0.077425
0.978180
0.895355
0.625061
0.456177
0.108463
0.784783
0.621735
0.498825
0.678040
0.965118
0.732330
0.375305
0.309113
0.531724
0.269440
0.406323
0.021241
0.522247
0.823669
0.669739
0.546692
0.245300
0.510620
0.474640
0.418854
0.608386
0.005127
0.766937
0.168274
0.660054
0.004364
0.085022
0.323862
0.650391
0.565857
0.241516
0.170685
0.986602
0.525299
0.865082
0.120270
0.540910
0.499634
0.671387
0.777062
0.538971
0.820435
0.638184
0.027528
0.509155
0.556854
0.185827
0.125702
0.468201
0.707611
0.995209
0.612537
0.973938
0.526886
0.501617
0.816040
0.161224
0.610920
0.521454
0.114139
0.712769
0.774048
0.086062
0.763428
0.794067
0.212616
0.467621
0.559509
0.275452
0.253052
0.044739
0.229347
0.261200
0.948517
0.125916
0.004761
0.230774
0.906158
0.046692
0.212799
0.465851
0.267822
0.560272
0.939606
0.926025
0.916077
0.800568
0.495407
0.908325
0.584063
0.883423
0.941803
0.509674
0.229072
0.607635
0.920957
0.252563
0.725700
0.723389
0.812866
0.905579
0.170715
0.108524
0.148285
0.571368
0.963043
0.889832
0.294891
0.089844
0.615326
0.935120
0.113132
0.423035
0.861420
0.657552
0.050049
0.748627
0.572039
0.680135
0.738701
0.217316
0.058289
0.492096
0.557678
0.753784
0.995300
0.934540
0.603027
0.181885
0.732300
0.535478
0.869537
0.873993
0.011902
0.542694
0.891205
0.847534
0.223602
0.306162
0.403717
0.024232
0.566010
0.166107
0.631947
0.822382
0.142120
0.876984
0.040071
0.367493
0.999908
0.523102
0.404510
0.682861
0.096438
0.517731
0.651062
0.689505
0.057312
0.791498
0.022767
0.745842
0.865692
0.533769
0.435547
0.142883
0.555939
0.803125
0.472351
0.168884
0.966278
0.508209
0.796936
0.636414
0.158264
0.081149
0.665914
0.276245
0.503739
0.535828
0.776367
0.773499
0.495575
0.289071
0.245979
0.768555
0.369202
0.162572
0.532914
0.692688
0.155553
0.570099
0.791772
0.121155
0.673452
0.496872
0.904205
0.177404
0.547241
0.030884
0.014832
0.895142
0.540375
0.723746
0.644684
0.951447
0.789215
0.843079
0.576965
0.792938
0.326172
0.022766
0.569702
0.121979
0.841125
0.041108
0.573639
0.151398
0.462494
0.707672
0.638275
0.344238
0.650391
0.960449
0.486755
0.211182
0.281067
0.743439
0.108887
0.864777
0.823578
0.145909
0.381409
0.468170
0.528489
0.262726
0.067413
0.334045
0.697317
0.668915
0.848297
0.579150
0.830505
0.991364
0.743439
0.705222
0.539917
0.272896
0.945892
0.482208
0.022949
0.765350
0.621857
0.726288
0.088165
0.353699
0.103455
0.620026
0.888245
0.549347
0.674184
0.458588
0.687469
0.402344
0.110687
0.836365
0.296701
0.174164
0.139038
0.454559
0.841187
0.365906
0.547333
0.192719
0.867306
0.417847
0.556396
0.297647
0.376770
0.072571
0.478241
0.392163
0.960266
0.178558
0.831268
0.713226
0.077425
0.978180
0.058716
0.625061
0.456177
0.108463
0.507629
0.040283
0.498825
0.678040
0.411987
0.407471
0.452026
0.961639
0.531724
0.206970
0.150360
0.021241
0.522247
0.659576
0.313660
0.546692
0.252686
0.452209
0.474640
0.648773
0.688812
0.005127
0.054077
0.501862
0.328735
0.831390
0.257233
0.610748
0.707855
0.565857
0.435669
0.420454
0.890076
0.021301
0.325775
0.204010
0.933502
0.996277
0.214386
0.542328
0.958893
0.896484
0.086548
0.027528
0.748413
0.967499
0.185827
0.902008
0.953734
0.728119
0.044769
0.612537
0.311646
0.198639
0.768433
0.650574
0.105469
0.118225
0.123199
0.114139
0.031403
0.861084
0.946899
0.523346
0.917572
0.115387
0.090271
0.362152
0.471008
0.171453
0.856777
0.825256
0.474105
0.663239
0.637573
0.431244
0.618122
0.650421
0.026642
0.105133
0.123474
0.256500
0.498123
0.287659
0.707489
0.501221
0.001862
0.263763
0.169983
0.716522
0.955048
0.452362
0.763024
0.229072
0.232551
0.396851
0.922913
0.041351
0.841095
0.391278
0.477173
0.334503
0.108524
0.760986
0.692322
0.911924
0.183716
0.389526
0.527039
0.893463
0.345062
0.113132
0.859589
0.757050
0.224579
0.004456
0.113525
0.202332
0.680135
0.214722
0.210480
0.048584
0.004883
0.311157
0.595306
0.918854
0.456543
0.206451
0.449677
0.657410
0.348511
0.111237
0.025696
0.522369
0.384216
0.208557
0.813019
0.193359
0.846710
0.541840
0.131866
0.593567
0.542389
0.162994
0.681396
0.005585
0.876984
0.459778
0.655121
0.101440
0.706046
0.613556
0.375641
0.096438
0.659882
0.810358
0.834839
0.964691
0.805115
0.022767
0.745842
0.353821
0.686829
0.435547
0.485870
0.288491
0.466370
0.435516
0.610382
0.163544
0.508209
0.796936
0.205444
0.718872
0.081149
0.665914
0.276245
0.503739
0.961212
0.342377
0.777710
0.495575
0.685760
0.245979
0.908752
0.059937
0.162572
0.413696
0.741974
0.155553
0.914612
0.791772
0.492340
0.024597
0.496872
0.714081
0.320923
0.831207
0.030884
0.281891
0.645813
0.063416
0.723746
0.644684
0.793854
0.344116
0.843079
0.808777
0.217194
0.393646
0.022766
0.569702
0.121979
0.841125
0.081726
0.048738
0.377655
0.374084
0.707672
0.666840
0.331757
0.650391
0.315186
0.486755
0.290100
0.865906
0.601410
0.004944
0.556915
0.736267
0.145909
0.952606
0.323151
0.609467
0.719879
0.067413
0.254974
0.697317
0.475861
0.848297
0.579150
0.830505
0.991364
0.115448
0.648895
0.157933
0.272896
0.043427
0.673492
0.258270
0.760986
0.621857
0.075684
0.636780
0.660797
0.987915
0.175537
0.237983
0.964660
0.871887
0.217621
0.212067
0.402344
0.099457
0.170654
0.507416
0.464050
0.139038
0.440521
0.841187
0.039520
0.997894
0.722656
0.912079
0.794006
0.057953
0.297647
0.405487
0.379761
0.145844
0.593719
0.907407
0.510956
0.378296
0.185553
0.236481
0.978180
0.269265
0.625061
0.708984
0.371033
0.784783
0.040283
0.174652
0.181519
0.183899
0.108093
0.777496
0.627735
0.486389
0.312988
0.406323
0.510803
0.479401
0.659576
0.248962
0.546692
0.104980
0.997131
0.344177
0.943665
0.640503
0.005127
0.054077
0.580383
0.516266
0.831390
0.257233
0.610748
0.752838
0.565857
0.435669
0.420454
0.890076
0.072021
0.325775
0.180090
0.540910
0.558716
0.214386
0.128296
0.958893
0.896484
0.010651
0.759705
0.748413
0.149078
0.063385
0.372223
0.414246
0.227478
0.727142
0.612537
0.272034
0.943909
0.009705
0.844391
0.925537
0.118225
0.977538
0.902130
0.385083
0.657990
0.946899
0.523346
0.917572
0.807373
0.553467
0.660095
0.471008
0.534821
0.652954
0.112549
0.474105
0.925964
0.431532
0.577240
0.618122
0.813690
0.026642
0.646393
0.465851
0.047211
0.739197
0.287659
0.707489
0.501221
0.783569
0.263763
0.247009
0.606506
0.955048
0.175415
0.599243
0.229072
0.171844
0.396851
0.768066
0.725700
0.432465
0.391278
0.342560
0.334503
0.108524
0.760986
0.539154
0.911924
0.184509
0.569824
0.527039
0.893463
0.459869
0.113132
0.859589
0.757050
0.871826
0.004456
0.593353
0.202332
0.409882
0.096100
0.210480
0.048584
0.291077
0.311157
0.595306
0.730042
0.761200
0.496735
0.880249
0.732300
0.535478
0.514450
0.715598
0.071808
0.938110
0.197296
0.701324
0.003510
0.306162
0.541840
0.024232
0.587970
0.625183
0.631947
0.717590
0.983154
0.310547
0.040071
0.155975
0.103485
0.567657
0.920074
0.210663
0.096438
0.105133
0.844971
0.676758
0.635712
0.809143
0.022767
0.745842
0.966370
0.533769
0.435547
0.914520
0.447205
0.995728
0.472351
0.168884
0.966278
0.543884
0.796936
0.826996
0.974609
0.943237
0.879333
0.276245
0.503739
0.409253
0.776367
0.108673
0.495575
0.289071
0.349579
0.768555
0.777832
0.910248
0.532914
0.171295
0.814453
0.914612
0.791772
0.245941
0.673452
0.063751
0.780450
0.674194
0.831207
0.030884
0.024994
0.946533
0.540375
0.723746
0.644684
0.846771
0.344116
0.843079
0.576965
0.885590
0.710754
0.022766
0.569702
0.121979
0.841125
0.041108
0.048738
0.606201
0.462494
0.707672
0.182709
0.521210
0.650391
0.077761
0.486755
0.290100
0.344340
0.763885
0.108887
0.864777
0.823578
0.418732
0.952606
0.912903
0.528489
0.262726
0.067413
0.756012
0.697317
0.120575
0.848297
0.579150
0.830505
0.175201
0.169342
0.705222
0.157933
0.272896
0.043427
0.563416
0.057739
0.708679
0.621857
0.726288
0.636780
0.660797
0.103455
0.620026
0.237983
0.453827
0.685394
0.897247
0.496552
0.412354
0.943878
0.027313
0.910004
0.464050
0.959076
0.114288
0.841187
0.506439
0.649586
0.681335
0.867306
0.899567
0.163330
0.611389
0.655609
0.166168
0.426300
0.253784
0.907407
0.929474
0.412598
0.185553
0.633514
0.978180
0.269265
0.890961
0.614594
0.784973
0.988525
0.040283
0.378082
0.181519
0.183899
0.712982
0.167023
0.627735
0.531724
0.131714
0.406323
0.021241
0.522247
0.221954
0.248962
0.546692
0.377960
0.132263
0.474640
0.737488
0.688812
0.005127
0.391296
0.501862
0.319885
0.884216
0.160741
0.323862
0.837123
0.540222
0.657104
0.420454
0.150177
0.940886
0.865082
0.633301
0.016296
0.996277
0.626892
0.715637
0.096832
0.820435
0.123417
0.756989
0.342529
0.580688
0.620758
0.458069
0.953734
0.055420
0.327911
0.612537
0.973938
0.526886
0.328705
0.534471
0.687042
0.201019
0.073700
0.348267
0.308868
0.718079
0.086062
0.294189
0.861572
0.393719
0.366008
0.559509
0.275452
0.171453
0.824829
0.229347
0.261200
0.948517
0.125916
0.004761
0.485077
0.373730
0.342377
0.159271
0.606171
0.599121
0.560272
0.475128
0.847626
0.565826
0.030182
0.476593
0.908325
0.584063
0.955048
0.557129
0.455597
0.466583
0.115814
0.620483
0.252563
0.725700
0.977142
0.391278
0.674072
0.579163
0.108524
0.313416
0.523010
0.911924
0.227539
0.294891
0.527039
0.893463
0.277557
0.113132
0.178040
0.733948
0.657552
0.050049
0.499832
0.249420
0.596985
0.235718
0.843684
0.058289
0.327545
0.800629
0.829712
0.226471
0.872284
0.167999
0.709686
0.732300
0.629395
0.089661
0.713989
0.011902
0.938110
0.001709
0.847534
0.223602
0.306162
0.765472
0.024232
0.031189
0.626484
0.631947
0.822382
0.911560
0.414673
0.040071
0.288666
0.999908
0.068909
0.935484
0.682861
0.096438
0.457153
0.448853
0.689505
0.172333
0.612427
0.022767
0.132660
0.316315
0.266754
0.435547
0.485870
0.447205
0.803125
0.472351
0.168884
0.966278
0.508209
0.864807
0.636414
0.718872
0.081149
0.339752
0.276245
0.503739
0.409253
0.851959
0.108673
0.927948
0.289071
0.245979
0.768555
0.322266
0.162572
0.532914
0.945923
0.814453
0.396698
0.791772
0.245941
0.673452
0.074860
0.780450
0.737701
0.831207
0.030884
0.024994
0.946533
0.540375
0.820496
0.644684
0.846771
0.344116
0.843079
0.811127
0.792938
0.641052
0.468933
0.569702
0.121979
0.841125
0.041108
0.048738
0.479248
0.462494
0.707672
0.640686
0.879852
0.650391
0.724426
0.310272
0.290100
0.344340
0.763885
0.681854
0.086090
0.325958
0.145909
0.839722
0.786316
0.528489
0.262726
0.067413
0.756012
0.697317
0.475861
0.848297
0.682800
0.830505
0.991364
0.169342
0.705222
0.787445
0.272896
0.043427
0.130432
0.493591
0.765350
0.623566
0.726288
0.636780
0.660797
0.103455
0.021027
0.237983
0.549347
0.674184
0.496582
0.496552
0.163391
0.110687
0.836365
0.910004
0.536041
0.139038
0.454559
0.841187
0.506439
0.649586
0.261139
0.867306
0.382568
0.297577
0.297647
0.113739
0.909790
0.145844
0.392163
0.114868
0.178558
0.831268
0.130341
0.077425
0.978180
0.150116
0.544434
0.205963
0.185394
0.499420
0.323273
0.591919
0.117004
0.661530
0.281494
0.366150
0.758392
0.787476
0.620960
0.499878
0.050690
0.001617
0.682098
0.099670
0.127228
0.496155
0.315735
0.629547
0.279053
0.487183
0.005127
0.112579
0.805267
0.554871
0.812561
0.300201
0.371307
0.837123
0.392181
0.388550
0.173767
0.986602
0.940886
0.935516
0.578278
0.546204
0.996277
0.626892
0.715637
0.128269
0.863647
0.921936
0.027528
0.342529
0.556854
0.185827
0.285583
0.953734
0.103607
0.060944
0.254395
0.973938
0.145111
0.414551
0.155060
0.748749
0.976166
0.977538
0.114139
0.385083
0.774048
0.889709
0.706116
0.861572
0.621307
0.922485
0.328491
0.275452
0.171453
0.044739
0.229347
0.975555
0.691833
0.125916
0.004761
0.269226
0.373730
0.456848
0.212799
0.556549
0.267822
0.560272
0.939606
0.926025
0.565826
0.030182
0.452881
0.889069
0.584063
0.248108
0.749634
0.455597
0.229072
0.954620
0.010345
0.355652
0.870758
0.496826
0.675995
0.674072
0.170715
0.855438
0.688690
0.459625
0.539063
0.227539
0.294891
0.527039
0.893463
0.415649
0.113132
0.359589
0.382019
0.657552
0.679718
0.266632
0.572039
0.680135
0.037079
0.769836
0.656219
0.327545
0.524597
0.177826
0.226471
0.761200
0.000275
0.783905
0.732300
0.535478
0.514450
0.715598
0.071808
0.938110
0.197296
0.812897
0.003510
0.306162
0.541840
0.024232
0.587970
0.225616
0.712128
0.717590
0.960266
0.434814
0.040071
0.912201
0.103485
0.567657
0.920074
0.210663
0.519897
0.980194
0.810358
0.676758
0.635712
0.791498
0.022767
0.745842
0.865692
0.808990
0.435547
0.485870
0.746033
0.803125
0.472351
0.168884
0.177673
0.636810
0.796936
0.295197
0.158264
0.081149
0.665914
0.276245
0.503739
0.535828
0.975403
0.108673
0.495575
0.289071
0.245979
0.768555
0.777832
0.825531
0.532914
0.292480
0.155553
0.570099
0.791772
0.616425
0.673452
0.053436
0.780450
0.177404
0.547241
0.030884
0.024994
0.550201
0.540375
0.723746
0.644684
0.846771
0.646881
0.843079
0.747925
0.792938
0.326172
0.022766
0.578735
0.121979
0.841125
0.518829
0.048738
0.606201
0.736816
0.707672
0.425201
0.309906
0.650391
0.077761
0.252472
0.580658
0.252167
0.763885
0.108887
0.864777
0.823578
0.145909
0.952606
0.323151
0.528489
0.583649
0.067413
0.769379
0.697317
0.475983
0.848297
0.579150
0.830505
0.888336
0.434357
0.705222
0.157933
0.196014
0.150635
0.563416
0.391113
0.276733
0.621857
0.776611
0.343475
0.353699
0.103455
0.620026
0.590668
0.549347
0.674184
0.267822
0.496552
0.402344
0.340942
0.836365
0.307159
0.174164
0.543304
0.348419
0.754791
0.445374
0.649586
0.722656
0.465729
0.626831
0.057953
0.297647
0.655609
0.835205
0.145844
0.392163
0.258240
0.178558
0.831268
0.185553
0.077425
0.978180
0.058716
0.625061
0.456177
0.108463
0.784783
0.621735
0.498825
0.678040
0.411987
0.732330
0.375305
0.962860
0.531724
0.559692
0.406323
0.021241
0.522247
0.823669
0.669739
0.546692
0.245300
0.120148
0.474640
0.946045
0.608386
0.005127
0.766937
0.168274
0.609650
0.004364
0.085022
0.323862
0.476837
0.924866
0.241516
0.420454
0.986602
0.525299
0.865082
0.420135
0.540910
0.566833
0.714325
0.917816
0.121735
0.416077
0.711395
0.027528
0.196838
0.967499
0.185827
0.023804
0.953734
0.227478
0.044769
0.017334
0.982208
0.377930
0.887448
0.844727
0.925537
0.118225
0.977538
0.114139
0.385083
0.520569
0.946899
0.523346
0.917572
0.686005
0.090271
0.660095
0.471008
0.171453
0.856777
0.229347
0.474105
0.127869
0.431532
0.577240
0.618122
0.527802
0.043884
0.921295
0.465851
0.256500
0.498123
0.287659
0.707489
0.513794
0.001862
0.263763
0.247009
0.665985
0.613586
0.607593
0.469940
0.229072
0.232551
0.581238
0.768066
0.725700
0.897003
0.880127
0.905579
0.334503
0.930786
0.752472
0.625824
0.911924
0.862518
0.569824
0.065796
0.893463
0.459869
0.113132
0.848389
0.757050
0.224579
0.004456
0.593353
0.202332
0.680135
0.738701
0.210480
0.048584
0.004883
0.311157
0.127197
0.730042
0.661377
0.206451
0.089691
0.657410
0.348511
0.111237
0.025696
0.114410
0.516296
0.208557
0.578570
0.517456
0.607513
0.775024
0.024232
0.335236
0.447540
0.631947
0.119690
0.421216
0.651001
0.811279
0.204315
0.999908
0.769257
0.935484
0.707428
0.507843
0.517731
0.019775
0.689505
0.172333
0.791498
0.022767
0.745842
0.865692
0.808990
0.435547
0.485870
0.305939
0.803125
0.517822
0.168884
0.453339
0.242035
0.796936
0.295197
0.158264
0.081149
0.665914
0.276245
0.503739
0.535828
0.975403
0.108673
0.495575
0.289071
0.245979
0.402283
0.777832
0.825531
0.532914
0.292480
0.155553
0.570099
0.791772
0.616425
0.673452
0.053436
0.780450
0.755676
0.547241
0.030884
0.024994
0.946533
0.332825
0.393188
0.644684
0.846771
0.646881
0.843079
0.450470
0.792938
0.326172
0.022766
0.578735
0.121979
0.841125
0.462982
0.048738
0.606201
0.736816
0.707672
0.425201
0.309906
0.650391
0.077761
0.501190
0.580658
0.252167
0.763885
0.691528
0.864777
0.823578
0.145909
0.952606
0.323151
0.528489
0.262726
0.067413
0.769379
0.697317
0.475983
0.848297
0.579150
0.356354
0.991364
0.434357
0.705222
0.157933
0.272896
0.150635
0.563416
0.391113
0.276733
0.621857
0.776611
0.343475
0.353699
0.103455
0.620026
0.590668
0.549347
0.674184
0.267822
0.496552
0.402344
0.110687
0.836365
0.307159
0.174164
0.543304
0.667114
0.590881
0.445374
0.649586
0.722656
0.867306
0.794006
0.057953
0.346436
0.655609
0.835205
0.065979
0.392163
0.662598
0.178558
0.831268
0.185553
0.077425
0.978180
0.058716
0.625061
0.456177
0.108463
0.784783
0.621735
0.498825
0.678040
0.411987
0.732330
0.375305
0.962860
0.531724
0.559692
0.145630
0.021241
0.522247
0.823669
0.669739
0.546692
0.560944
0.120148
0.474640
0.946045
0.608386
0.005127
0.766937
0.280579
0.660054
0.004364
0.085022
0.323862
0.650391
0.924866
0.241516
0.420454
0.986602
0.525299
0.865082
0.420135
0.540910
0.566833
0.714325
0.917816
0.121735
0.896484
0.711395
0.027528
0.196838
0.967499
0.185827
0.023804
0.953734
0.227478
0.002441
0.701843
0.982208
0.377930
0.887448
0.996368
0.925537
0.118225
0.977538
0.114139
0.385083
0.847748
0.946899
0.523346
0.917572
0.686005
0.090271
0.660095
0.471008
0.171453
0.856777
0.229347
0.474105
0.088470
0.431532
0.577240
0.618122
0.527802
0.043884
0.965851
0.465851
0.256500
0.498123
0.108612
0.707489
0.513794
0.001862
0.263763
0.247009
0.549744
0.533417
0.607593
0.763024
0.229072
0.232551
0.581238
0.972778
0.725700
0.376343
0.432434
0.905579
0.334503
0.930786
0.752472
0.625824
0.911924
0.862518
0.569824
0.925140
0.893463
0.459869
0.113132
0.848389
0.757050
0.224579
0.004456
0.593353
0.202332
0.680135
0.738701
0.210480
0.048584
0.004883
0.372467
0.674561
0.730042
0.661377
0.206451
0.089691
0.657410
0.348511
0.111237
0.025696
0.522369
0.971985
0.208557
0.578570
0.517456
0.607513
0.775024
0.024232
0.335236
0.447540
0.631947
0.119690
0.421216
0.651001
0.492798
0.204315
0.999908
0.117889
0.935484
0.707428
0.507843
0.335815
0.019775
0.689505
0.172333
0.791498
0.022767
0.745842
0.353821
0.533769
0.435547
0.581421
0.919434
0.466370
0.472351
0.253998
0.966278
0.482300
0.796936
0.636414
0.825500
0.400513
0.665914
0.276245
0.503739
0.273956
0.342377
0.162262
0.724701
0.685760
0.245979
0.425720
0.059937
0.162572
0.532914
0.292480
0.155553
0.785004
0.376587
0.500000
0.974243
0.496872
0.780450
0.177404
0.831207
0.030884
0.024994
0.946533
0.554352
0.723746
0.644684
0.955780
0.344116
0.843079
0.576965
0.792938
0.055450
0.128479
0.569702
0.845703
0.765442
0.041108
0.048738
0.606201
0.549255
0.707672
0.549760
0.331757
0.810333
0.003540
0.486755
0.290100
0.344340
0.720184
0.942780
0.536652
0.736267
0.662292
0.952606
0.396576
0.528489
0.262726
0.067413
0.756012
0.697317
0.835388
0.303772
0.579150
0.830505
0.991364
0.169342
0.705222
0.771393
0.272896
0.043427
0.563416
0.177826
0.765350
0.621857
0.075684
0.636780
0.136414
0.103455
0.893524
0.237983
0.964660
0.674184
0.039551
0.212067
0.325531
0.099457
0.690735
0.296701
0.464050
0.407013
0.584015
0.095245
0.039520
0.135132
0.731842
0.867306
0.794006
0.057953
0.357330
0.405487
0.166168
0.426300
0.392163
0.907407
0.510956
0.412598
0.185553
0.873505
0.978180
0.269265
0.514587
0.419250
0.108463
0.784783
0.040283
0.378082
0.181519
0.183899
0.099033
0.167023
0.627735
0.531724
0.607574
0.406323
0.021241
0.522247
0.240570
0.248962
0.546692
0.329651
0.997131
0.474640
0.737488
0.688812
0.005127
0.037140
0.501862
0.328735
0.884216
0.160741
0.323862
0.837123
0.540222
0.388550
0.420454
0.150177
0.940886
0.865082
0.633301
0.598450
0.996277
0.626892
0.715637
0.096832
0.820435
0.123417
0.027528
0.342529
0.580688
0.620758
0.307281
0.953734
0.055420
0.646118
0.612537
0.973938
0.526886
0.151764
0.534471
0.640625
0.201019
0.977538
0.114139
0.308868
0.718079
0.086062
0.294189
0.861572
0.393719
0.366008
0.677856
0.526062
0.841217
0.279236
0.864716
0.233612
0.187866
0.125916
0.635193
0.904968
0.555389
0.342377
0.212799
0.465851
0.267822
0.560272
0.939606
0.926025
0.565826
0.889709
0.452881
0.920410
0.137726
0.746185
0.971893
0.526398
0.213531
0.406250
0.620483
0.252563
0.725700
0.306458
0.968903
0.674072
0.170715
0.315186
0.669189
0.027985
0.597412
0.890564
0.294891
0.099304
0.893463
0.935120
0.113132
0.332642
0.774384
0.657552
0.050049
0.441772
0.572039
0.328796
0.967010
0.843684
0.058289
0.373779
0.245087
0.753784
0.226471
0.103638
0.849548
0.783905
0.732300
0.535478
0.514450
0.715598
0.633270
0.938110
0.197296
0.140015
0.379242
0.013580
0.541840
0.024232
0.277130
0.626484
0.778229
0.717590
0.773468
0.059357
0.855225
0.563690
0.103485
0.888580
0.920074
0.210663
0.096438
0.517731
0.810358
0.689505
0.635712
0.791498
0.022767
0.745842
0.044128
0.533769
0.435547
0.448303
0.288491
0.466370
0.472351
0.253998
0.966278
0.508209
0.796936
0.636414
0.457092
0.647095
0.665914
0.276245
0.503739
0.409253
0.244415
0.574585
0.495575
0.685760
0.245979
0.425720
0.059937
0.162572
0.532914
0.292480
0.155553
0.914612
0.791772
0.167450
0.974243
0.496872
0.403778
0.177404
0.831207
0.030884
0.024994
0.880188
0.540375
0.719421
0.644684
0.793854
0.344116
0.732910
0.576965
0.792938
0.381378
0.666290
0.569702
0.121979
0.765442
0.041108
0.048738
0.255646
0.549255
0.707672
0.549760
0.331757
0.810333
0.077761
0.486755
0.290100
0.344340
0.412842
0.942780
0.536652
0.583313
0.662292
0.952606
0.396576
0.528489
0.262726
0.827820
0.756012
0.697317
0.835388
0.848297
0.579150
0.830505
0.991364
0.169342
0.705222
0.157933
0.846375
0.043427
0.563416
0.258270
0.765350
0.622955
0.075684
0.636780
0.660797
0.103455
0.893524
0.237983
0.479523
0.674184
0.308197
0.212067
0.066040
0.497223
0.170654
0.296701
0.464050
0.407013
0.412384
0.841187
0.039520
0.135132
0.731842
0.867306
0.794006
0.057953
0.357330
0.405487
0.909790
0.145844
0.392163
0.960266
0.178558
0.831268
0.185553
0.138580
0.808197
0.150116
0.285950
0.413696
0.185394
0.033234
0.773254
0.447815
0.117004
0.898071
0.230682
0.882355
0.758392
0.803345
0.620960
0.406323
0.050690
0.445160
0.905332
0.099670
0.127228
0.200989
0.813446
0.732086
0.245972
0.487183
0.005127
0.112579
0.805267
0.660054
0.004364
0.734344
0.323862
0.837123
0.577179
0.388550
0.420454
0.935547
0.940886
0.865082
0.827179
0.540910
0.620911
0.227264
0.494049
0.128269
0.820435
0.123417
0.027528
0.054108
0.556854
0.185827
0.824310
0.953734
0.828217
0.111667
0.963806
0.990784
0.526886
0.857513
0.534471
0.409576
0.329102
0.977538
0.560577
0.348541
0.774048
0.086062
0.443512
0.861572
0.393719
0.366008
0.738983
0.275452
0.171453
0.579437
0.229347
0.310150
0.948517
0.125916
0.004761
0.485077
0.373730
0.342377
0.159271
0.606171
0.143646
0.560272
0.475128
0.926025
0.565826
0.030182
0.476593
0.889069
0.584063
0.955048
0.272339
0.455597
0.229072
0.356049
0.010345
0.408783
0.870758
0.496826
0.675995
0.674072
0.170715
0.855438
0.203949
0.523010
0.653320
0.072632
0.570618
0.527039
0.893463
0.375427
0.113132
0.359589
0.382019
0.657552
0.229034
0.499832
0.572039
0.680135
0.786957
0.843684
0.058289
0.327545
0.524597
0.177826
0.226471
0.456543
0.116852
0.402832
0.174591
0.223450
0.708374
0.025696
0.522369
0.295624
0.208557
0.662598
0.780640
0.049225
0.541840
0.024232
0.655090
0.537994
0.631947
0.712433
0.700653
0.478912
0.811279
0.204315
0.999908
0.117889
0.935484
0.682861
0.507843
0.517731
0.019775
0.621429
0.431335
0.055603
0.022767
